3 0.00000000000002842171 
4 0.00000000000005684342 
5 0.00000000000005684342 
6 0.00000000000011368684 
7 0.00000000000011368684 
8 0.00000000000011368684 
9 0.00000000000002842171 
10 0.00000000000008526513 
11 0.00000000000011368684 
12 0.00000000000005684342 
13 0.00000000000017053026 
14 0.00000000000017053026 
15 0.00000000000011368684 
16 0.00000000000017053026 
17 0.00000000000017053026 
18 0.00000000000028421709 
19 0.00000000000022737368 
20 0.00000000000017053026 
21 0.00000000000017053026 
22 0.00000000000011368684 
23 0.00000000000011368684 
24 0.00000000000028421709 
25 0.00000000000028421709 
26 0.00000000000028421709 
27 0.00000000000028421709 
28 0.00000000000028421709 
29 0.00000000000045474735 
30 0.00000000000039790393 
31 0.00000000000039790393 
32 0.00000000000028421709 
33 0.00000000000034106051 
34 0.00000000000039790393 
35 0.00000000000045474735 
36 0.00000000000028421709 
37 0.00000000000034106051 
38 0.00000000000045474735 
39 0.00000000000034106051 
40 0.00000000000039790393 
41 0.00000000000022737368 
42 0.00000000000034106051 
43 0.00000000000039790393 
44 0.00000000000039790393 
45 0.00000000000045474735 
46 0.00000000000034106051 
47 0.00000000000039790393 
48 0.00000000000034106051 
49 0.00000000000045474735 
50 0.00000000000039790393 
51 0.00000000000062527761 
52 0.00000000000034106051 
53 0.00000000000028421709 
54 0.00000000000051159077 
55 0.00000000000045474735 
56 0.00000000000039790393 
57 0.00000000000056843419 
58 0.00000000000034106051 
59 0.00000000000039790393 
60 0.00000000000039790393 
61 0.00000000000045474735 
62 0.00000000000028421709 
63 0.00000000000045474735 
64 0.00000000000039790393 
65 0.00000000000034106051 
66 0.00000000000045474735 
67 0.00000000000039790393 
68 0.00000000000039790393 
69 0.00000000000028421709 
70 0.00000000000045474735 
71 0.00000000000028421709 
72 0.00000000000056843419 
73 0.00000000000045474735 
74 0.00000000000051159077 
75 0.00000000000062527761 
76 0.00000000000051159077 
77 0.00000000000034106051 
78 0.00000000000045474735 
79 0.00000000000031263880 
80 0.00000000000039790393 
81 0.00000000000062527761 
82 0.00000000000062527761 
83 0.00000000000051159077 
84 0.00000000000056843419 
85 0.00000000000045474735 
86 0.00000000000045474735 
87 0.00000000000045474735 
88 0.00000000000051159077 
89 0.00000000000056843419 
90 0.00000000000062527761 
91 0.00000000000062527761 
92 0.00000000000062527761 
93 0.00000000000048316906 
94 0.00000000000051159077 
95 0.00000000000062527761 
96 0.00000000000056843419 
97 0.00000000000051159077 
98 0.00000000000039790393 
99 0.00000000000051159077 
100 0.00000000000056843419 

