3 0.00000000000056843419
4 0.00000000000159161573
5 0.00000000108377662400
6 0.00000003274169557699
7 0.00000106147757605868
8 0.00003883106933244562
9 0.00015654782077945129
10 0.00529364140805910210
11 0.72517537106921281520
12 21.69341675107989431126
13 124.95568536639012791056
14 1385.96644375378582481062
15 512.39801847766989340016
16 569.33402810866664367495
17 800.86069915856273837562
18 1055.56404397802612038504
19 1120.34427948870893487765
20 909.58961708545200508524
21 3495.13333482068628654815
22 1992.34819075667678589525
23 3374.55375427871649662848
24 2145.21583604310444570729
25 2109.06157782350737761590
26 1858.18779140998958609998
27 9506.39772217646168428473
28 9652.16879821576549147721
29 4522.83595639785562525503
30 8324.51199733862267748918
31 5336.93168287953903927701
32 5454.02234494407730380772
33 9625.29800314330350374803
34 25219.36846427589989616536
35 4086.71810620777205258491
36 13193.19860278312080481555
37 49574.63644468162237899378
38 3575.51720167487746948609
39 42834.49931419943459331989
40 5596.38059587794396065874
41 3866.32921099584973489982
42 104159.19026477038278244436
43 2732.26089530450326492428
44 8746.91670841300765459891
45 10245.09235332957177888602
46 24417.18294592070378712378
47 19915.91052994128040154465
48 3945.15014846862777631031
49 4268.29545490829968912294
50 17722.20641110753786051646
51 8990.58943985895712103229
52 34592.63956269465415971354
53 51810.72084709942282643169
54 11184.92851920655448338948
55 4330.28091518873407039791
56 16240.61406878224261163268
57 11825.00192041555419564247
58 7245.84739920955507841427
59 28962.49808894773013889790
60 2627.25237984920477174455
61 8212.82045026161722489633
62 6616.65393141128788556671
63 13820.06562539193146221805
64 3604569.37751156697049736977
65 13621.37731410627202421892
66 48496.71464404683501925319
67 376894.64610894146608188748
68 14499.68489912510085559916
69 84259.45374058534798678011
70 104471.90726493853435385972
71 23418.90398543277115095407
72 15716.41337208841650863178
73 10598.79531728979054605588
74 21773.06953838144909241237
75 11373.90814118548587430269
76 13691.13242908154279575683
77 3513.68929661702804878587
78 82311.28450485471694264561
79 28618.58301139557079295628
80 17255.51759519964252831414
81 22617.41615133239611168392
82 2478.36342048755068390165
83 5200.58682250817582826130
84 6130.86032832360797328874
85 491332.56320109247462823987
86 33951.21816912443318869919
87 23534.95963933456732775085
88 7586.44047381656309880782
89 622787.40305980271659791470
90 19390.46738979335350450128
91 31108.91587199685818632133
92 45237.23580686805507866666
93 15508.70184329929907107726
94 65582.72316207863332238048
95 1114071.22681524371728301048
96 37243.51441569231246830896
97 687665.47987655806355178356
98 50550.77633630613854620606
99 7334.62382517504647694295
100 42645.35405874315620167181
