3 5.68434e-13 
4 0.00000000000329691829 
5 0.00000000103966613096 
6 0.00000005880508524569 
7 0.00000104743173778843 
8 0.00002125795742813352 
9 0.00017918482842560479 
10 0.00391230738352987828 
11 0.70389895793812229385 
12 13.96802133855783267791 
13 81.67083411741577947396 
14 922.87174863688267123507 
15 536.34181777741378027713 
16 1565.23213158232738351217 
17 2094.77950306179900508141 
18 3114.07708830669389499235 
19 1386.15824829328721534694 
20 1438.88320854440485163650 
21 1576.72295144047734538617 
22 1264.09646649476917446009 
23 4818.68452818257901526522 
24 1526.73960570373537848354 
25 14663.61532351915593608283 
26 3129.64167208859771562857 
27 3289.01201317692721204367 
28 20534.97100276638229843229 
29 1567.55503565611093108600 
30 1631.13380687457220119541 
31 1911.18025478868753452844 
32 8212.92926275028366944753 
33 4447.37679526367082871730 
34 15256.20875678779884765390 
35 7197.15772123688748251880 
36 164046.96919071814045310020 
37 1433.36355531837966736930 
38 5620.51871466660850273911 
39 7535.02130311495693604229 
40 6948.46394771731684159022 
41 6180.19288131603661895497 
42 6522.60549230808646825608 
43 8352.71974296342523302883 
44 23448.27246102889694157057 
45 11162.17788318459861329757 
46 16071.63476670330055640079 
47 10022.68619529655552469194 
48 12326.38383681438062922098 
49 14358.37348655349342152476 
50 9156.89107561897981213406 
51 29779.59566870312846731395 
52 18486.79061955343422596343 
53 8620.22120089094278228004 
54 5261.14859992319179582410 
55 4572.28567032156752247829 
56 196464.61406878224806860089 
57 2495.35462867997330249636 
58 32618.60486027533261221834 
59 7327.53607515410294581670 
60 5704.06219397674431093037 
61 7787.84423036493535619229 
62 1932.03528146447388280649 
63 7478.15506911005559231853 
64 32931.85954509668954415247 
65 11946.62268589372797578108 
66 86490.98270448994298931211 
67 9137.51010242361189739313 
68 3206.82690090445203168201 
69 4671.26819220337438309798 
70 3622.07533214337900062674 
71 12037.30917517529269389343 
72 14911.80581136970067746006 
73 17356.37303980457363650203 
74 15493.35385994676289556082 
75 24837.85527991590060992166 
76 93846.13728286797413602471 
77 59720.41903941166674485430 
78 192039.36050171189708635211 
79 21048.73292398300691274926 
80 52504.26878590707929106429 
81 49427.61692696791578782722 
82 221412.92922942011500708759 
83 7585.13125889614730112953 
84 26253.13967167639202671126 
85 28345.64050828555627958849 
86 6383.24858522566410101717 
87 22175.33199875211721519008 
88 9763.06063601703499443829 
89 245348.38755222427425906062 
90 11241.79387664692148973700 
91 25850.64855150442963349633 
92 18068.97403629169639316387 
93 10614.19252650541784532834 
94 15316.54854123692348366603 
95 5346.99933358980342745781 
96 17898.36805470956824137829 
97 9754.23867183469155861530 
98 6665.98629472310949495295 
99 5495.91216923106094327522 
100 5480.67652433955845481250 

