3 0.00000000000056843419 
4 0.00000000000159161573 
5 0.00000000037800873542 
6 0.00000003060188191739 
7 0.00000080392840118293 
8 0.00001457469238630438 
9 0.00011811038234554871 
10 0.00667768564323978353 
11 0.82889895793812229385 
12 10.30658324892010568874 
13 140.86066309961518072669 
14 5556.37014922516937076580 
15 507.02442323743571250816 
16 438.51959994925164210144 
17 421.46110899069401511952 
18 20901.54836138782411580905 
19 1753.76308218285566908889 
20 1744.56477577451823890442 
21 2094.78051545972948588314 
22 1115.03686832591756683541 
23 1614.73811134078459872399 
24 9119.00863848021617741324 
25 8376.38467648084406391717 
26 40428.01736069471371592954 
27 1757.60227782353877046262 
28 26353.40920629976608324796 
29 5466.53837208009281312115 
30 4647.14068245288945036009 
31 7819.92554410543561971281 
32 18910.28061582999362144619 
33 8653.83158543791250849608 
34 48508.63153572409646585584 
35 13456.28382362624870438594 
36 13618.92654665136979019735 
37 11234.11969493242031603586 
38 3297.18488506469157073298 
39 6061.50068580056540668011 
40 4987.32828951595729449764 
41 7506.29500577519411308458 
42 7661.94230078623695590068 
43 3624.79303913786679913756 
44 663904.04774180985987186432 
45 14198.72513265662200865336 
46 6044.81413486637848109240 
47 4425.31380470344538480276 
48 9428.18769903117208741605 
49 4584.64763631515597808175 
50 3172.44579392692321562208 
51 1483.81332268184678468970 
52 6187.02147606342168728588 
53 6893.19539807047476642765 
54 41882.55183819241210585460 
55 23102.22950153529018280096 
56 5615.98026084340199304279 
57 8256.64537132002624275628 
58 3482.05435049070729291998 
59 4586.47811739448388834717 
60 8068.02936028317981254077 
61 7449.08853366090352210449 
62 21935.29281463627194170840 
63 36625.16254006566305179149 
64 4151.91359800282589276321 
65 2721.31194142499589361250 
66 8914.26394426741899223998 
67 3287.71975359121324800071 
68 46955.85966889926203293726 
69 16333.35842082712770206854 
70 4639.83682820752073894255 
71 16369.13825819135490746703 
72 14668.43839680051314644516 
73 36561.35301388304651482031 
74 140355.53954224640619941056 
75 3554.04551871029889298370 
76 22034.23082928649819223210 
77 11461.23671288100922538433 
78 10744.93032083889920613728 
79 4776.28667869245964539004 
80 17586.35836435778037412092 
81 13943.32069663112997659482 
82 6225.63657951244931609835 
83 704057.49711711960844695568 
84 26217.63668649161263601854 
85 24766.70458444333780789748 
86 7637.48562280902933707694 
87 37042.18264415403245948255 
88 9122.44047381656309880782 
89 20074.51840496366639854386 
90 10499.29780026119988178834 
91 12659.90147216240984562319 
92 7566.63664074364896805491 
93 32789.80818886021734215319 
94 6127.48919896943880303297 
95 7149.43993221662913128966 
96 6358.53417510657345701475 
97 25539.69506977111814194359 
98 9547.51425518817995907739 
99 7557.34220741006629395997 
100 63533.86654880356945795938 

