3 0.00000000000005684342
4 0.00000000000005684342
5 0.00000000000001421085
6 0.00000000000011368684
7 0.00000000000011368684
8 0.00000000000011368684
9 0.00000000000011368684
10 0.00000000000017053026
11 0.00000000000022737368
12 0.00000000000022737368
13 0.00000000000011368684
14 0.00000000000028421709
15 0.00000000000039790393
16 0.00000000000022737368
17 0.00000000000022737368
18 0.00000000000022737368
19 0.00000000000022737368
20 0.00000000000011368684
21 0.00000000000011368684
22 0.00000000000022737368
23 0.00000000000022737368
24 0.00000000000034106051
25 0.00000000000028421709
26 0.00000000000028421709
27 0.00000000000022737368
28 0.00000000000022737368
29 0.00000000000039790393
30 0.00000000000028421709
31 0.00000000000028421709
32 0.00000000000045474735
33 0.00000000000068212103
34 0.00000000000028421709
35 0.00000000000034106051
36 0.00000000000039790393
37 0.00000000000045474735
38 0.00000000000045474735
39 0.00000000000045474735
40 0.00000000000051159077
41 0.00000000000028421709
42 0.00000000000028421709
43 0.00000000000039790393
44 0.00000000000034106051
45 0.00000000000068212103
46 0.00000000000062527761
47 0.00000000000051159077
48 0.00000000000022737368
49 0.00000000000051159077
50 0.00000000000039790393
51 0.00000000000039790393
52 0.00000000000051159077
53 0.00000000000039790393
54 0.00000000000042632564
55 0.00000000000045474735
56 0.00000000000056843419
57 0.00000000000051159077
58 0.00000000000035527137
59 0.00000000000051159077
60 0.00000000000045474735
61 0.00000000000039790393
62 0.00000000000062527761
63 0.00000000000051159077
64 0.00000000000051159077
65 0.00000000000045474735
66 0.00000000000051159077
67 0.00000000000034106051
68 0.00000000000056843419
69 0.00000000000056843419
70 0.00000000000068212103
71 0.00000000000085265128
72 0.00000000000051159077
73 0.00000000000039790393
74 0.00000000000085265128
75 0.00000000000045474735
76 0.00000000000045474735
77 0.00000000000051159077
78 0.00000000000085265128
79 0.00000000000051159077
80 0.00000000000068212103
81 0.00000000000045474735
82 0.00000000000073896445
83 0.00000000000073896445
84 0.00000000000079580786
85 0.00000000000073896445
86 0.00000000000068212103
87 0.00000000000059685590
88 0.00000000000079580786
89 0.00000000000073896445
90 0.00000000000073896445
91 0.00000000000062527761
92 0.00000000000068212103
93 0.00000000000056843419
94 0.00000000000056843419
95 0.00000000000056843419
96 0.00000000000068212103
97 0.00000000000056843419
98 0.00000000000056843419
99 0.00000000000062527761
100 0.00000000000096633812
