3 0.00000000000000000000 
4 0.00000000000011368684 
5 0.00000000000022737368 
6 0.00000000000193267624 
7 0.00000000000034106051 
8 0.00000000000017053026 
9 0.00000000000039790393 
10 0.00000000000008526513 
11 0.00000000020889956431 
12 0.00000000000051159077 
13 0.00000000000153477231 
14 0.00000000000534328137 
15 0.00000000000295585778 
16 0.00000000000056843419 
17 0.00000000000375166564 
18 0.00000000000051159077 
19 0.00000000000090949470 
20 0.00000000000058264504 
21 0.00000000000574118530 
22 0.00000000000352429197 
23 0.00000000000453503901 
24 0.00000000000142108547 
25 0.00000000000090949470 
26 0.00000000000079580786 
27 0.00000000003501554602 
28 0.00000000000517275112 
29 0.00000000000704858394 
30 0.00000000000210320650 
31 0.00000000000136424205 
32 0.00000000001773514668 
33 0.00000000000144950718 
34 0.00000000000406430445 
35 0.00000000001909938874 
36 0.00000000000318323146 
37 0.00000000000375166564 
38 0.00000000000170530257 
39 0.00000000000190425453 
40 0.00000000016066792341 
41 0.00000000000380850906 
42 0.00000000000954969437 
43 0.00000000000375166564 
44 0.00000000000164845915 
45 0.00000000000110844667 
46 0.00000000002938804755 
47 0.00000000000125055521 
48 0.00000000000926547727 
49 0.00000000000608224582 
50 0.00000000000255795385 
51 0.00000000002080469130 
52 0.00000000000613908924 
53 0.00000000000352429197 
54 0.00000000000324007488 
55 0.00000000000477484718 
56 0.00000000000645172804 
57 0.00000000000369482223 
58 0.00000000000591171556 
59 0.00000000000204636308 
60 0.00000000001702460395 
61 0.00000000001222133506 
62 0.00000000002233946361 
63 0.00000000000191135996 
64 0.00000000000773070497 
65 0.00000000000460431693 
66 0.00000000006269829100 
67 0.00000000000588329385 
68 0.00000000000461852778 
69 0.00000000001230660018 
70 0.00000000000375166564 
71 0.00000000001148237061 
72 0.00000000000699174052 
73 0.00000000020463630790 
74 0.00000000000989075488 
75 0.00000000000500222086 
76 0.00000000000622435437 
77 0.00000000001887201506 
78 0.00000000000903810360 
79 0.00000000000903810360 
80 0.00000000000750333129 
81 0.00000000001256239557 
82 0.00000000001666933258 
83 0.00000000001199396138 
84 0.00000000000660804744 
85 0.00000000002944489097 
86 0.00000000000568434189 
87 0.00000000001448086095 
88 0.00000000000494537744 
89 0.00000000002626165951 
90 0.00000000000579802872 
91 0.00000000000704858394 
92 0.00000000002944489097 
93 0.00000000003097966328 
94 0.00000000000892441676 
95 0.00000000005951505955 
96 0.00000000000324007488 
97 0.00000000000460431693 
98 0.00000000003410605132 
99 0.00000000000932232069 
100 0.00000000000605382411 

