3 0.00000000000181898940 
4 0.00000000000017053026 
5 0.00000000000204636308 
6 0.00000000009038103599 
7 0.00000000011061729310 
8 0.00000000005590550245 
9 0.00000000004956746125 
10 0.00000000013222489770 
11 0.00000000015580781110 
12 0.00000000007446487871 
13 0.00000000042422243496 
14 0.00000000144808609548 
15 0.00000000235991137743 
16 0.00000000232188313021 
17 0.00000000014347278920 
18 0.00000000028461499824 
19 0.00000000031900526665 
20 0.00000000001982058961 
21 0.00000000040625991460 
22 0.00000001263128979190 
23 0.00000000035231551010 
24 0.00000000000500222086 
25 0.00000000348040885001 
26 0.00000000008651568351 
27 0.00000004305923084758 
28 0.00000002307160684722 
29 0.00000001546754901938 
30 0.00000000063194249833 
31 0.00000000094965457720 
32 0.00000001745013378240 
33 0.00000007401283141917 
34 0.00000000056789417613 
35 0.00000002891670192184 
36 0.00000000266004462901 
37 0.00000000971985514298 
38 0.00000000175975856109 
39 0.00000000112845555122 
40 0.00000027278008474241 
41 0.00000000338246763931 
42 0.00000831800099376778 
43 0.00000000033347191675 
44 0.00000000002421529643 
45 0.00000000007906919564 
46 0.00000000645763975626 
47 0.00000002066079218821 
48 0.00000000028478552849 
49 0.00000000258995669355 
50 0.00000002340539140278 
51 0.00000001573494046170 
52 0.00000007937467216834 
53 0.00000000025653434932 
54 0.00000006561288046214 
55 0.00000000199366922971 
56 0.00000000434384794801 
57 0.00000000020411050627 
58 0.00000064710535241375 
59 0.00000000008438405530 
60 0.00000000170865632754 
61 0.00000000104876107798 
62 0.00000002869740001188 
63 0.00000000012131806670 
64 0.00000000063869265432 
65 0.00000000261388777290 
66 0.00000000132251898322 
67 0.00000000225065832637 
68 0.00000000012948930816 
69 0.00000062455623606184 
70 0.00000000069076122600 
71 0.00000000416150669480 
72 0.00000000737418304197 
73 0.00000072083503255271 
74 0.00000002887804839702 
75 0.00000000765800223235 
76 0.00000000202689420803 
77 0.00000000725549398339 
78 0.00000000337138317263 
79 0.00000000308710923491 
80 0.00000000036229153011 
81 0.00000000134497213367 
82 0.00000000065588778853 
83 0.00000054099416502140 
84 0.00000000065142558014 
85 0.00000022729216198059 
86 0.00000000344812178810 
87 0.00000001970531471329 
88 0.00000025907843337336 
89 0.00000004037794099077 
90 0.00000000181951520517 
91 0.00000000174816250365 
92 0.00000002379607622061 
93 0.00000004398816599860 
94 0.00000026281696818842 
95 0.00000000188896365216 
96 0.00000001103899194277 
97 0.00000000120155618788 
98 0.00000099592040214702 
99 0.00000001251788717127 
100 0.00000007656109346499
