3 0.00000000000000177636
4 0.00000000000017053026
5 0.00000000005695710570
6 0.00000000013608314475
7 0.00000000000036948222
8 0.00000000000500222086
9 0.00000000000767386155
10 0.00000000000179767312
11 0.00000000004519051799
12 0.00000000002103206498
13 0.00000000000255795385
14 0.00000000001199396138
15 0.00000000060862248574
16 0.00000000006639311323
17 0.00000000000329691829
18 0.00000000008998313206
19 0.00000000008890310710
20 0.00000000000051159077
21 0.00000000022089352569
22 0.00000000028768454285
23 0.00000000032979663445
24 0.00000000020082779884
25 0.00000000017490719983
26 0.00000000004291678124
27 0.00000000206358663490
28 0.00000000050266635299
29 0.00000000158416924023
30 0.00000000008424194675
31 0.00000000010908252079
32 0.00000000162555124916
33 0.00000000000204636308
34 0.00000000021475443646
35 0.00000000012551026884
36 0.00000000023490542844
37 0.00000000002785327524
38 0.00000000005451283869
39 0.00000000010996359379
40 0.00000000037175595935
41 0.00000000026608404369
42 0.00000000104580522020
43 0.00000000015074874682
44 0.00000000000130739863
45 0.00000000000211741735
46 0.00000000052750692703
47 0.00000000006015454801
48 0.00000000000659383659
49 0.00000000000494537744
50 0.00000000001051603249
51 0.00000000229942997976
52 0.00000000033230662666
53 0.00000000021327650757
54 0.00000000010075495993
55 0.00000000006605205272
56 0.00000000017173817923
57 0.00000000023607071853
58 0.00000000000460431693
59 0.00000000000503064257
60 0.00000000047964476835
61 0.00000000021333335098
62 0.00000000020727952688
63 0.00000000000160582658
64 0.00000000078750872490
65 0.00000000002407318789
66 0.00000000008446932043
67 0.00000000003575451046
68 0.00000000024220980777
69 0.00000000018621904019
70 0.00000000037800873542
71 0.00000000014682655092
72 0.00000000058489035837
73 0.00000003247609470236
74 0.00000000085572082753
75 0.00000000024402879717
76 0.00000000026324187274
77 0.00000000103977981780
78 0.00000000056274984672
79 0.00000000058832938521
80 0.00000000012227019397
81 0.00000000017911361283
82 0.00000000122940946312
83 0.00000000025659119274
84 0.00000000006866684998
85 0.00000000115250031740
86 0.00000000034901859181
87 0.00000000096343910627
88 0.00000000026363977668
89 0.00000000424699919677
90 0.00000000064697758262
91 0.00000000074976469477
92 0.00000000025920599001
93 0.00000000263656829702
94 0.00000000000898126018
95 0.00000000352702045348
96 0.00000000003632294465
97 0.00000000000994759830
98 0.00000000043723957788
99 0.00000000062399863054
100 0.00000000010891199054

